-2032795982907864146
-7649949940957896961
-7148389242537051542
5155879575039368840
348722287802000751
-6574012378133862552
2204054850500208009
31563252268802
31563250179158
72415961571256213
-6339824463720481367
769898142342073932
651719687612429311
1266942
19439991
1835543614670145532
8438280864103146561
-1992192446241627435
-983983965181981808
-9222037139879175104
-2965711870629693628
8804783126757866200
47192204
111643445
69427194527559476
6252188339817453822
-8399271073483220130
16285452119529
3829878918385877312
1000367306308321
1899845621555937036
60554305524
54566591155505424
18820960
6390326396262027557
1545213456444500
7226627000711902118
-6646854586427229651
8008134581819610
8146707790672235138