-2032795982907864146
-7649949940957896961
-115039328491026064
-7148389242537051542
5155879575039368840
-6574012378133862552
2204054850500208009
31563250179158
72415961571256213
-6339824463720481367
769898142342073932
1266942
19439991
1835543614670145532
8438280864103146561
-983983965181981808
-2965711870629693628
8804783126757866200
47192204
111643445
69427194527559476
6252188339817453822
-8399271073483220130
16285452119529
1000367306308321
1899845621555937036
60554305524
18820960
1545213456444500
-6646854586427229651
8008134581819610
8146707790672235138
888882903781400170
8888034329335250
-6339824463720481367
-2032795982907864146
100000019873386049
-6897082504097952427
100000061447117197
888880389127738660 
1143653337750952406
3536029907932046148